2 0.103125 0.35078125 0.19609375 0.26796875
2 0.2046875 0.77578125 0.18125 0.2359375
2 0.328125 0.553125 0.18203125 0.34140625
2 0.44609375 0.7640625 0.1984375 0.27734375
2 0.69296875 0.803125 0.35546875 0.184375
2 0.6671875 0.6015625 0.325 0.25625
2 0.4 0.284375 0.22578125 0.2640625
2 0.6921875 0.20078125 0.16328125 0.209375
2 0.70703125 0.384375 0.159375 0.2109375
2 0.8796875 0.6203125 0.1484375 0.309375
2 0.8703125 0.3734375 0.22421875 0.19609375
2 0.24140625 0.29765625 0.12109375 0.33203125
2 0.46640625 0.521875 0.18515625 0.22265625
2 0.153125 0.5671875 0.27890625 0.1734375