0 0.73203125 0.5203125 0.171875 0.253125
0 0.32265625 0.421875 0.21640625 0.29296875
0 0.58828125 0.77890625 0.1875 0.24921875
0 0.8828125 0.73671875 0.225 0.19609375
0 0.3703125 0.76328125 0.20703125 0.25625
0 0.16484375 0.79375 0.2546875 0.26484375
0 0.77734375 0.146875 0.17734375 0.153125
0 0.37421875 0.1015625 0.10625 0.11328125
0 0.48828125 0.12109375 0.1125 0.20859375
0 0.5546875 0.4015625 0.12265625 0.121875
0 0.06875 0.19765625 0.1296875 0.14453125
0 0.1546875 0.528125 0.128125 0.1890625
0 0.17890625 0.32265625 0.17890625 0.26640625
0 0.57578125 0.5828125 0.19140625 0.16015625
0 0.91484375 0.35078125 0.1296875 0.21328125