0 0.73203125 0.5203125 0.19375 0.26640625
0 0.32265625 0.421875 0.23974609375 0.30966796875
0 0.58828125 0.77890625 0.2353515625 0.23544921875
0 0.8828125 0.73671875 0.2216796875 0.22294921875
0 0.3703125 0.76328125 0.233642578125 0.2328125
0 0.16484375 0.79375 0.2802734375 0.28056640625
0 0.77734375 0.146875 0.174072265625 0.1751953125
0 0.37421875 0.1015625 0.117578125 0.118408203125
0 0.48828125 0.12109375 0.1669921875 0.167041015625
0 0.5546875 0.4015625 0.124267578125 0.12265625
0 0.07109375 0.196875 0.1421875 0.15
0 0.1546875 0.528125 0.146484375 0.1994140625
0 0.17890625 0.32265625 0.180419921875 0.267529296875
0 0.57578125 0.5828125 0.19482421875 0.16259765625
0 0.9109375 0.34921875 0.178125 0.1828125