2 0.103125 0.35078125 0.205810546875 0.273486328125
2 0.2046875 0.77578125 0.2314453125 0.2322265625
2 0.328125 0.553125 0.28408203125 0.28408203125
2 0.44609375 0.7640625 0.2615234375 0.261865234375
2 0.69296875 0.803125 0.28310546875 0.2818359375
2 0.6671875 0.6015625 0.321484375 0.321484375
2 0.4 0.284375 0.237548828125 0.27431640625
2 0.6921875 0.20078125 0.193798828125 0.19375
2 0.70703125 0.384375 0.1875 0.1869140625
2 0.87734375 0.61953125 0.2453125 0.2484375
2 0.8703125 0.3734375 0.221826171875 0.221826171875
2 0.24140625 0.29765625 0.24775390625 0.24599609375
2 0.46640625 0.521875 0.214599609375 0.215087890625
2 0.153125 0.5671875 0.240673828125 0.24072265625