0 0.2425226453125 0.329533953125 0.25925835468749997 0.24916689062500003 0.22243975625 0.1604282265625 0.191199728125 0.118570375 0.127458828125 0.12173185625 0.0974798109375 0.1302905546875 0.0461568953125 0.217354896875 0.043925501562500004 0.31279081249999996 0.08185979843749999 0.4099010140625 0.159959784375 0.43836436562500003 0.159959784375 0.40487808437500006 0.2425226453125 0.329533953125
0 0.264836925 0 0.23488070312499998 0.056891865625 0.23024972031250002 0.1487080796875 0.26929971406250003 0.24581825 0.35744114374999997 0.250841178125 0.3987226171875 0.18051997656250002 0.43442543437500003 0.175497046875 0.43554113125000005 0.0867584140625 0.40653258281250004 0.008065640625 0.32062263125 0 0.264836925 0
0 0.6955025499999999 0.565612209375 0.65645255625 0.44841022500000005 0.5783525703125 0.40822672656250003 0.508318203125 0.4396569765625 0.46566546249999996 0.5271029984375 0.4578554140625 0.6275619703124999 0.485748265625 0.7313693265625 0.588393928125 0.7916446078125 0.6174025640624999 0.7481124671875 0.685461190625 0.6794655515625 0.6955025499999999 0.565612209375
0 0.41880542031249995 0.6091444125 0.3273168984375 0.5940756890625 0.24921691250000003 0.6710939828125 0.23694407343749999 0.801690465625 0.26372114375 0.8988007328125001 0.3552097515625 0.975819153125 0.409879759375 0.9456815765625001 0.461202590625 0.8937777390624999 0.4779383015625 0.77657575625 0.41880542031249995 0.6091444125
0 0.0019007921875 0.5421459953125 0 0.8535943046875 0.03834693125 0.8787090140625 0.1164469171875 0.8418740296875 0.159959784375 0.7146261859374999 0.1510340375 0.5957498484375 0.0640083890625 0.5321259281249999 0.0019007921875 0.5421459953125
0 0.73455254375 0.11354741406249999 0.6943867671875 0.056620804687500005 0.6408326265625 0.029831709374999998 0.59062549375 0.041551921874999995 0.544590525 0.09454089375 0.522566865625 0.20061175625 0.5526911109375 0.2742816015625 0.612939775 0.3144651015625 0.6754196625 0.31781374218749997 0.7367839375 0.2525154671875 0.7524040375000001 0.22070350625000001 0.73455254375 0.11354741406249999
0 0.5471125406249999 0.3077678828125 0.522566865625 0.2340980375 0.4801696953125 0.188891546875 0.42326829374999997 0.183868615625 0.38198690625 0.2106576484375 0.3562534703125 0.255595065625 0.3306639890625 0.29269903125 0.35074687656250003 0.41492394375 0.3920282640625 0.483570859375 0.473475428125 0.5070112171875001 0.54264966875 0.4232955140625 0.559385378125 0.40655237343749995 0.5471125406249999 0.3077678828125
0 0.889636734375 0.46850200781250007 0.8729010234375 0.336231171875 0.8204624953125 0.2558641078125 0.75351965 0.2407953203125 0.713396328125 0.2806944171875 0.6910397625 0.309442171875 0.665378303125 0.39315787343749997 0.6731882687499999 0.4701762953125 0.7122382625 0.5672865625 0.7992639953125 0.572309490625 0.8416611656249999 0.5321259281249999 0.889636734375 0.46850200781250007
0 0.7434782906249999 0.0767125234375 0.7680239656250001 0.12861626718750002 0.8595124890625 0.1487080796875 0.89744686875 0.08508409375 0.9342652984375001 0.0532721328125 0.9443068265625 0.001368390625 0.73571775625 0.0046015484375 0.7434782906249999 0.0767125234375
0 0.829388240625 0.8954521546875001 0.809305353125 0.784947325 0.7736025375 0.7296949734375 0.71335404375 0.6962086921874999 0.6631731125 0.7052917812499999 0.6274439218750001 0.7296949734375 0.59508828125 0.78997031875 0.5816997453125 0.8602914578125 0.586162534375 0.9373100078125001 0.6118239937500001 1 0.8014953890625 0.99088800625 0.829388240625 0.8954521546875001
0 0.32508541874999997 0.6057957734375 0.34963118125000003 0.568960978125 0.354094053125 0.45845614843750004 0.340705434375 0.4032037328125 0.2882669046875 0.3496257328125 0.2362757921875 0.34762602187499997 0.1856211578125 0.3847863046875 0.1588440875 0.4266441546875 0.149918340625 0.5137085 0.1510340375 0.5857041187500001 0.211282615625 0.6794655515625 0.2447540375 0.6627224109375 0.32508541874999997 0.6057957734375
0 1 0.5572406390625 0.9655053265625 0.5086855703125 0.889636734375 0.48022221875 0.8104211359375 0.55556635 0.7903382484375 0.6476536234375 0.79431150625 0.740849196875 0.8394296000000001 0.840199740625 0.926455334375 0.8653144515625 0.97554685625 0.82847959375 1 0.77657575625 1 0.5572406390625