0 0.22981933125 0.1308799921875 0.1664875109375 0.1188915125 0.135389728125 0.12012467812500001 0.0687256859375 0.1925989578125 0.0488344953125 0.284807115625 0.0681714203125 0.3881324046875 0.1375524125 0.4328125 0.14004766562499998 0.4328125 0.145983253125 0.4017048296875 0.241226434375 0.3480003921875 0.2625 0.297731496875 0.2625 0.22540927968750002 0.25281077500000004 0.17893469687500002 0.22981933125 0.1308799921875
0 0.20524220468749999 0.13312994843749998 0.2046875 0.14505421093749998 0.2046875 0.19005435937499998 0.258086871875 0.2195514234375 0.34959439375 0.22525194218750003 0.44842290937499996 0.187324225 0.45728247499999997 0.10172898593749999 0.4574030140625 0.0991378109375 0.389212778125 0.0571150640625 0.3858561453125 0.0213465359375 0.34322005624999996 0.0203125 0.2940874234375 0.0203125 0.21729691406249999 0.04729641875 0.20524220468749999 0.13312994843749998
0 0.665865928125 0.689074584375 0.7230994078124999 0.60823070625 0.7600741921874999 0.57229806875 0.759429678125 0.5682735937500001 0.685916175 0.482934465625 0.5791590765625 0.477248940625 0.5779523734375 0.47750260781250004 0.480741878125 0.5057598765625 0.400935446875 0.5656616031249999 0.3890625 0.609953278125 0.3890625 0.6514892234375 0.4327979125 0.708738965625 0.548717884375 0.721875 0.5531764953125 0.721875 0.5662196390625 0.7191331359375 0.665865928125 0.689074584375
0 0.46751208593750004 0.8810554328125001 0.4697013515625 0.7697439515625 0.4684967078125 0.7599509062500001 0.39069606874999996 0.6045477734375 0.297996603125 0.6018184609375 0.2328125 0.6847864718750001 0.2328125 0.7934655 0.23356002656250002 0.8196929609374999 0.2719956828125 0.9123879374999999 0.36497415 0.971875 0.378588503125 0.971875 0.4228701 0.939358046875 0.46751208593750004 0.8810554328125001
0 0.1752447390625 0.6293002875 0.0008165734375000001 0.634459571875 0.0038315218749999996 0.708451690625 0.012379323437500001 0.7859375 0.11612053124999999 0.7859375 0.224066384375 0.7447062609375 0.2484375 0.6759703499999999 0.2484375 0.6609671921875 0.22309134687499999 0.6281798265625 0.1752447390625 0.6293002875
0 0.740980740625 0.2228923203125 0.7419502640625 0.214160646875 0.732313403125 0.1120648859375 0.6923716203125 0.0540270234375 0.6437234546874999 0.036538428125 0.5874943640625 0.0569512359375 0.5412556640624999 0.108886203125 0.51875 0.18835213281250002 0.51875 0.233055815625 0.5236934062499999 0.2468049078125 0.5751051671875 0.315625 0.6540502703125 0.315625 0.7044114640625 0.28984234375 0.740980740625 0.2228923203125
0 0.36742139687500003 0.2429638921875 0.3375 0.27549481249999996 0.3375 0.40913689218749993 0.3630624546875 0.473549225 0.4363600484375 0.5037530671875 0.44012625468750005 0.5041307640625 0.5219590796875 0.42840348749999996 0.539870078125 0.41453562968749996 0.5418906890625 0.402953709375 0.546430221875 0.31378605312499996 0.5350431484375 0.2379897171875 0.5011194453125001 0.18877700625 0.46201813437499994 0.18125 0.4397056015625 0.18125 0.40058738906249997 0.20075201874999998 0.36742139687500003 0.2429638921875
0 0.9403671031249999 0.4555679453125 0.9366544687499999 0.392467765625 0.9337083203125 0.3673080625 0.8903776828125001 0.331639209375 0.8215572812499999 0.29216042343750004 0.69201630625 0.32565668125 0.6182192093750001 0.3879508171875 0.6171875 0.397742809375 0.6171875 0.46113075468750003 0.655342028125 0.491015440625 0.6865166875 0.5095275578125 0.7403324140625 0.51875 0.796593903125 0.51875 0.8483706124999999 0.5067154765625 0.9403671031249999 0.4555679453125
0 0.8417720843750001 0.020770246875000002 0.7746062671875 0.0445642109375 0.7744306437499999 0.0461219171875 0.7841662359375 0.138475409375 0.8330985015625 0.173323859375 0.8775373312499999 0.1875 0.905077909375 0.1875 0.9226328578125 0.051324795312500004 0.9234375 0.0441879375 0.9234375 0.020247567187500003 0.8588125218749999 0.00672488125 0.8417720843750001 0.020770246875000002
0 0.577805509375 0.794456178125 0.553125 0.8521718984375 0.553125 0.867866025 0.564421840625 0.9070990999999999 0.592241240625 0.9394217218750001 0.655433965625 0.9638194734375001 0.7267527640625 0.9681226625000001 0.8029749171875 0.9538653625 0.8620230187500001 0.9208684437500001 0.860227521875 0.90283783125 0.8350376234375 0.7334513390625 0.742224665625 0.71875 0.7348049359375 0.71875 0.6292764640625 0.7519921796875 0.577805509375 0.794456178125
0 0.1587792296875 0.4487279234375 0.15423555 0.559466640625 0.175708925 0.5975878265625 0.25116295312500003 0.6587244515624999 0.2806243 0.6757506265625 0.2841313046875 0.6759349828125 0.35050709375 0.5870973265625 0.353125 0.5549286859375 0.353125 0.4217643625 0.3327343984375 0.3838873703125 0.2886000421875 0.346875 0.229331815625 0.346875 0.17662355937500002 0.394177175 0.1587792296875 0.4487279234375
0 0.9994209062499999 0.6169217140625001 0.9800104703124999 0.6023696125 0.9284531578124999 0.5884896328125 0.881656759375 0.57799609375 0.795399 0.5774480578125 0.70625 0.6375442312499999 0.70625 0.645107821875 0.7172869656249999 0.7185375859375001 0.7571855828125 0.7623863328125 0.9318934296875 0.8015625 0.9757418234375 0.8015625 0.99802360625 0.696972984375 0.9994209062499999 0.6169217140625001