0 0.178125 0.2109375 0.27822265625 0.27734375
0 0.38984375 0.215625 0.266796875 0.2681640625
0 0.5953125 0.22578125 0.25673828125 0.2580078125
0 0.1875 0.54765625 0.25595703125 0.2548828125
0 0.6078125 0.5765625 0.23515625 0.23515625
0 0.40234375 0.54140625 0.225 0.225
0 0.78515625 0.215625 0.273828125 0.2748046875
0 0.78671875 0.5265625 0.2322265625 0.2314453125
0 0.1953125 0.8484375 0.23515625 0.26875
0 0.40703125 0.84375 0.2642578125 0.2654296875
0 0.6046875 0.86171875 0.2279296875 0.226953125
0 0.8015625 0.84765625 0.2599609375 0.2603515625