0 0.128125 0.0828125 0.25625 0.165625
0 0.50703125 0.09140625 0.3390625 0.15625
0 0.85 0.08515625 0.3 0.1703125
0 0.134375 0.27421875 0.2671875 0.1953125
0 0.49296875 0.271875 0.3671875 0.2078125
0 0.8546875 0.265625 0.290625 0.184375
0 0.13125 0.48828125 0.2609375 0.23125
0 0.5203125 0.4796875 0.4140625 0.2140625
0 0.8546875 0.46484375 0.290625 0.2140625
0 0.12734375 0.72265625 0.2546875 0.2390625
0 0.49765625 0.71171875 0.415625 0.2640625
0 0.859375 0.703125 0.28125 0.278125
0 0.13359375 0.92109375 0.2671875 0.1546875
0 0.5171875 0.92734375 0.43125 0.1390625
0 0.88125 0.92109375 0.2375 0.1515625