0 0.1265625 0.09609375 0.221875 0.1921875
0 0.50703125 0.09375 0.3515625 0.1875
0 0.84609375 0.09140625 0.3078125 0.1828125
0 0.134375 0.27421875 0.234765625 0.2361328125
0 0.49296875 0.271875 0.2982421875 0.299609375
0 0.8546875 0.265625 0.290625 0.184375
0 0.13515625 0.48828125 0.2703125 0.2515625
0 0.5203125 0.4796875 0.3376953125 0.3376953125
0 0.8515625 0.4640625 0.296875 0.228125
0 0.12734375 0.72265625 0.2484375 0.2484375
0 0.49765625 0.71171875 0.4171875 0.2671875
0 0.85234375 0.70234375 0.2953125 0.3078125
0 0.1328125 0.9046875 0.21875 0.190625
0 0.51640625 0.890625 0.2890625 0.21875
0 0.8796875 0.9109375 0.196875 0.178125