0 0.15078125 0.57890625 0.1359375 0.240625
0 0.36875 0.44609375 0.1328125 0.1828125
0 0.50703125 0.5125 0.146875 0.165625
0 0.57109375 0.37265625 0.140625 0.1546875
0 0.2265625 0.90078125 0.1859375 0.1984375
0 0.65703125 0.1515625 0.121875 0.125
0 0.925 0.21875 0.14375 0.1359375
0 0.89921875 0.3453125 0.14375 0.1453125
0 0.28671875 0.28203125 0.13125 0.1625
0 0.2234375 0.42109375 0.15 0.1375
0 0.29921875 0.61328125 0.1296875 0.234375
0 0.61796875 0.7390625 0.1609375 0.253125
0 0.78515625 0.81484375 0.165625 0.2453125
0 0.66875 0.55 0.1484375 0.1625
0 0.825 0.6109375 0.1578125 0.2
0 0.959375 0.6765625 0.08125 0.16875
0 0.9421875 0.8828125 0.115625 0.1921875
0 0.9734375 0.515625 0.053125 0.1484375
0 0.615625 0.24921875 0.1296875 0.146875
0 0.7515625 0.29375 0.140625 0.146875
0 0.39921875 0.0703125 0.1171875 0.1359375
0 0.52734375 0.10703125 0.1203125 0.15
0 0.4765625 0.22109375 0.1265625 0.125
0 0.43203125 0.32578125 0.134375 0.121875
0 0.3421875 0.178125 0.1234375 0.14375
0 0.71171875 0.42421875 0.1375 0.159375
0 0.8625 0.46796875 0.1453125 0.146875
0 0.0703125 0.859375 0.140625 0.2359375
0 0.0859375 0.1671875 0.125 0.1671875
0 0.1546875 0.0671875 0.1171875 0.1296875
0 0.0421875 0.2671875 0.084375 0.1734375