0 0.15078125 0.57890625 0.1978515625 0.1978515625
0 0.36875 0.44609375 0.14033203125 0.1890625
0 0.50703125 0.5125 0.157421875 0.175
0 0.57109375 0.37265625 0.1486328125 0.1486328125
0 0.2265625 0.89921875 0.203125 0.2015625
0 0.65703125 0.1515625 0.1296875 0.12890625
0 0.92421875 0.21796875 0.1515625 0.1515625
0 0.89921875 0.3453125 0.1546875 0.1568359375
0 0.28671875 0.28203125 0.13125 0.1625
0 0.2234375 0.42109375 0.15859375 0.145703125
0 0.29921875 0.61328125 0.1861328125 0.1861328125
0 0.61796875 0.7390625 0.2138671875 0.2126953125
0 0.78515625 0.81484375 0.2173828125 0.2173828125
0 0.66875 0.55 0.1619140625 0.172265625
0 0.825 0.6109375 0.1908203125 0.190625
0 0.95859375 0.6765625 0.0828125 0.16875
0 0.94140625 0.88203125 0.1171875 0.1921875
0 0.96953125 0.51484375 0.0609375 0.1515625
0 0.615625 0.24921875 0.14365234375 0.144921875
0 0.7515625 0.29375 0.152734375 0.152734375
0 0.39921875 0.0703125 0.1265625 0.140625
0 0.52734375 0.10703125 0.134375 0.160546875
0 0.4765625 0.22109375 0.13466796875 0.1359375
0 0.43203125 0.32578125 0.1390625 0.1390625
0 0.3421875 0.178125 0.1376953125 0.13671875
0 0.71171875 0.42421875 0.1484375 0.16875
0 0.8625 0.46796875 0.15947265625 0.158203125
0 0.07578125 0.85859375 0.1515625 0.2484375
0 0.0859375 0.1671875 0.13125 0.17119140625
0 0.1546875 0.0671875 0.11884765625 0.13095703125
0 0.0546875 0.26640625 0.109375 0.1359375