0 0.6671875 0.7515625 0.1400390625 0.153125
0 0.80859375 0.7828125 0.1578125 0.15859375
0 0.809375 0.61171875 0.155859375 0.155078125
0 0.6796875 0.59453125 0.146875 0.1455078125
0 0.53203125 0.72265625 0.130078125 0.1453125
0 0.55234375 0.57421875 0.1388671875 0.1388671875
0 0.40625 0.7015625 0.13466796875 0.171875
0 0.43671875 0.5609375 0.1421875 0.1408203125
0 0.2859375 0.678125 0.13466796875 0.13720703125
0 0.321875 0.54375 0.1275390625 0.1525390625
0 0.20625 0.53046875 0.143359375 0.142578125
0 0.16484375 0.675 0.1509765625 0.1498046875