0 0.3259226875 0.42481405 0.3234375 0.436658134375 0.3234375 0.4540489765625 0.3346766484375 0.4707599546875 0.34363606875 0.47192799062499996 0.3884659625 0.47265650625 0.45641967812499995 0.47040736250000004 0.4786551671875 0.4490699828125 0.4881040234375 0.4237057671875 0.48974531718750003 0.415883565625 0.47651355781250004 0.410604509375 0.445032903125 0.3953125 0.36846155 0.3953125 0.356644915625 0.395799378125 0.3259226875 0.42481405
0 0.22195509375000003 0.2995592859375 0.21630886718750003 0.3343959921875 0.2366898375 0.35771955312500003 0.2745521546875 0.3659968328125 0.2821851609375 0.365819171875 0.3425343359375 0.354264428125 0.3671875 0.31741780468749997 0.3671875 0.3017498703125 0.358878825 0.27852388437500003 0.31289181250000003 0.2625 0.288816096875 0.2625 0.2612122171875 0.26592340000000003 0.22195509375000003 0.2995592859375
0 0.383858084375 0.8167498249999999 0.4402487203125 0.8295079046874999 0.45001166406250004 0.83141325 0.5095257984375 0.8260767328125 0.532902275 0.8045921484375 0.53436280625 0.7976932921875 0.534375 0.7974437984375 0.534375 0.781099828125 0.49060353437500004 0.762602984375 0.42403510781250003 0.753125 0.3601005859375 0.753125 0.337577496875 0.7975853140625 0.383858084375 0.8167498249999999
0 0.6110168812500001 0.7735600375 0.58744714375 0.7773661296875 0.5713629328125001 0.8075743375 0.566191096875 0.8649151671875 0.5666425546875 0.8726663828125 0.5760998453124999 0.9399649984374999 0.597466828125 0.95625 0.621707796875 0.95625 0.6411653375 0.925261053125 0.6453125 0.8923118671875001 0.6453125 0.8279207875000001 0.6378014328125 0.7909077359375 0.6110168812500001 0.7735600375
0 0.6100424453125 0.60079146875 0.5506619390624999 0.6049795 0.5141817109375 0.6205440765625 0.5040951875 0.647239121875 0.525996409375 0.6636831296875 0.5634009375 0.66875 0.61138814375 0.66875 0.6476997734375 0.6630944546875 0.6765625 0.6591751296874999 0.6765625 0.6342081562499999 0.6627826859375 0.611062871875 0.6100424453125 0.60079146875
0 0.40625 0.4702037375 0.40625 0.4729562703125 0.42890534062499996 0.50102574375 0.49117588593750006 0.5054149046874999 0.5488089140625 0.491764990625 0.587738465625 0.46356252812500004 0.568945065625 0.4382416125 0.5426999453125 0.43125 0.469210053125 0.43125 0.42727192968749994 0.44124221874999997 0.40625 0.4702037375
0 0.249552975 0.5967010625 0.2309703359375 0.5972427515625001 0.1911100828125 0.6163206 0.19041242187500002 0.651081584375 0.20683882812499998 0.679387871875 0.24870880781250002 0.6950413453125 0.2823366953125 0.6984375 0.308381109375 0.6984375 0.3433888375 0.6873184390625 0.346875 0.6668514562500001 0.346875 0.644527575 0.301153196875 0.60219433125 0.249552975 0.5967010625
0 0.6855820390625 0.18651051093749998 0.6540469515625 0.192230734375 0.638183615625 0.23191514375 0.632008175 0.2790992625 0.6348851984375 0.33184749375 0.65860844375 0.3490076234375 0.6656401562500001 0.35053749375 0.687476515625 0.353125 0.700549325 0.353125 0.7150172046875001 0.3306089234375 0.7243462609375 0.2828516296875 0.725 0.2771684625 0.725 0.25104993593749997 0.71531999375 0.2055617359375 0.6855820390625 0.18651051093749998
0 0.5769024765624999 0.4144606546875 0.5693706578125 0.44266104687499996 0.5848267500000001 0.4706498078125 0.624343240625 0.48347471249999996 0.6756434953125 0.48843080624999996 0.680659103125 0.48816794999999996 0.7373794015625 0.479536821875 0.7609375 0.4607777140625 0.7609375 0.44477108125000003 0.7415316062499999 0.41675650937500003 0.68720776875 0.39375 0.64459425 0.39375 0.6098328984375 0.3998252078125 0.5769024765624999 0.4144606546875
0 0.7063014234375 0.5470147625 0.70625 0.54750441875 0.70625 0.585309665625 0.7216917453125 0.59909210625 0.7633908890625001 0.61875 0.7674267125 0.61875 0.822684590625 0.605734528125 0.856800703125 0.576052471875 0.8578680921874999 0.5465635203125 0.8571816734375 0.5319334296875 0.8357722078125001 0.5062688578125 0.777382209375 0.5046875 0.7732582640625 0.5046875 0.731634584375 0.5193412203125 0.7063014234375 0.5470147625
0 0.1459153078125 0.4269782453125 0.14375 0.46475498125000003 0.14375 0.481403046875 0.1530919328125 0.5144771265625 0.179347025 0.5285143453125001 0.21361273593750002 0.534375 0.213983859375 0.534375 0.250991975 0.5144906781249999 0.2568432140625 0.48426475468749997 0.260605115625 0.45737825 0.248751328125 0.388849921875 0.22394384375 0.3875 0.2152028875 0.3875 0.1747213859375 0.39236401875000004 0.1459153078125 0.4269782453125
0 0.18700804843750002 0.5412869437500001 0.1452912875 0.5379982296875 0.12446497187500001 0.58579833125 0.13007687031249998 0.6263810171874999 0.1400073703125 0.67576788125 0.1712217265625 0.7 0.2172878640625 0.7 0.225 0.66946324375 0.225 0.6611748656249999 0.21475554687499998 0.5905701 0.18700804843750002 0.5412869437500001
0 0.3134579703125 0.4013908875 0.281733140625 0.4259591484375 0.269931425 0.4851074921875 0.25393522812499997 0.5394257546875 0.2660681078125 0.5716856265625 0.27995835156250004 0.5828125 0.2898726625 0.5828125 0.31129638125 0.571687390625 0.3410895 0.54210915625 0.3515095171875 0.5090980609375 0.359375 0.46967749531249997 0.359375 0.4268905546875 0.3440199453125 0.4033320984375 0.3134579703125 0.4013908875
0 0.3446926765625 0.06997299375 0.31008391875 0.0713347109375 0.2810939046875 0.0957040859375 0.26945213749999997 0.1379231078125 0.2717256765625 0.182069015625 0.2843277328125 0.2069226375 0.303974715625 0.2140625 0.3297385421875 0.2140625 0.3507284203125 0.2094606078125 0.375 0.1700978390625 0.375 0.1170552296875 0.3722004609375 0.0967649609375 0.3446926765625 0.06997299375
0 0.09706666875 0.2398485984375 0.09627315 0.2495488828125 0.09687729218749999 0.2721898859375 0.1160700640625 0.2988185359375 0.1892289515625 0.3232855171875 0.1950191703125 0.3238588296875 0.26201830937500004 0.31525751875 0.290625 0.296670290625 0.290625 0.26984912968749997 0.2895008515625 0.2613176828125 0.2330223390625 0.23584446093749997 0.1866201625 0.23125 0.16183305312500001 0.23125 0.11787315937500001 0.23338958437500001 0.09706666875 0.2398485984375
0 0.443193278125 0.3097380046875 0.47756641718750004 0.27142300625 0.47321131406249994 0.23970473750000001 0.47201049062499995 0.2346223734375 0.43419166562499995 0.21803240625 0.372118525 0.23100754218750003 0.336145521875 0.26255124375 0.325 0.29656886718750003 0.325 0.30580728437500004 0.3311903828125 0.3258187140625 0.3520022828125 0.340625 0.362218690625 0.340625 0.40230263437499997 0.3281263234375 0.443193278125 0.3097380046875
0 0.269906346875 0.860687734375 0.26984895781249996 0.86151093125 0.2733784015625 0.8848672625 0.30714128125 0.9069200171875 0.3690428328125 0.9051129875000001 0.42783768593750005 0.8972342531249999 0.45097945624999997 0.8650673843750001 0.45568718593749996 0.8409247609375001 0.4561439703125 0.834372521875 0.43443098437499994 0.8265625 0.323963009375 0.8265625 0.2930951984375 0.82990419375 0.269906346875 0.860687734375
0 0.4219915109375 0.24247934531249998 0.42191624218749996 0.242751925 0.4226017515625 0.2715810421875 0.4602571484375 0.3021857171875 0.4623813 0.30265741875 0.5173216265625 0.300840928125 0.5431579953125001 0.2921829796875 0.5671875 0.263717671875 0.5671875 0.2630251515625 0.5613500874999999 0.22630279843749998 0.5124692203125 0.20216775 0.50983123125 0.20158194062499998 0.46740812812500004 0.19375 0.454688109375 0.19375 0.43686019218750005 0.206883690625 0.4219915109375 0.24247934531249998
0 0.6423131140625 0.26641865781249996 0.6070607546875 0.264329109375 0.5752386609375 0.263534159375 0.5513132609375 0.253484321875 0.5179918781249999 0.24957459218750003 0.5114397640624999 0.25706481875 0.5108453234375 0.26385929375 0.5124340734375 0.29284962187499997 0.5646098078125 0.3242679984375 0.622154159375 0.3355182625 0.63212549375 0.336390640625 0.6739698749999999 0.329857446875 0.6859375 0.31103974375 0.6859375 0.27002104375 0.6646216671875 0.2544464015625 0.6423131140625 0.26641865781249996
0 0.6696993640625 0.134269365625 0.6646969859375 0.18387842031249998 0.7086057796875 0.19847121406249998 0.7196592828124999 0.1955094359375 0.7700287859375 0.17414076875 0.8113285703124999 0.150750471875 0.816582046875 0.1133443078125 0.81875 0.105634465625 0.81875 0.0909899 0.804598440625 0.075 0.7271175296875 0.075 0.6831602921875 0.0957446390625 0.6696993640625 0.134269365625
0 0.7492328640625 0.76598088125 0.745965684375 0.7205325390625 0.7089913859375 0.7018056671874999 0.654222390625 0.706367578125 0.616988390625 0.7322014171875 0.59375 0.76754369375 0.59375 0.7744360953125 0.6269908390625 0.8046875 0.6442546765625 0.8046875 0.6943369796875001 0.792328003125 0.7492328640625 0.76598088125
0 0.6291695046875 0.80761508125 0.629383109375 0.8063610499999999 0.602328534375 0.7790046453125 0.56256944375 0.7601725390625 0.5180760296875 0.7586237031249999 0.4711774796875 0.76068503125 0.4266555828125 0.7774639015625 0.4265625 0.77801036875 0.4265625 0.780342140625 0.43844299375 0.801861228125 0.4751818 0.8338549296875 0.5241006968749999 0.8421875 0.549449390625 0.8421875 0.609336340625 0.83245715 0.6291695046875 0.80761508125
0 0.8443119906250001 0.4399860890625 0.8381107468750001 0.3937918625 0.8270081687499999 0.36538733749999996 0.783801646875 0.3543120140625 0.780013003125 0.3547560625 0.729719228125 0.372117378125 0.6969467875 0.40596606562500004 0.702133309375 0.43136465 0.7250478484375 0.4696893578125 0.742860821875 0.471875 0.7977195109374999 0.471875 0.8274410890624999 0.4646900453125 0.8443119906250001 0.4399860890625
0 0.7921059703125 0.2006128875 0.766966390625 0.24674944375000002 0.766911734375 0.251416153125 0.76908350625 0.30019005625 0.7744198859375 0.3534962234375 0.7902262875 0.359375 0.817835496875 0.359375 0.8329834046875 0.357853225 0.8601238359375 0.33079628437499997 0.865625 0.3060089375 0.865625 0.22126195625 0.8368190109375 0.2000069828125 0.7921059703125 0.2006128875
0 0.6263849375 0.6511448515625 0.6589784671875 0.6545852859375 0.7042984890625 0.6530126843749999 0.7369076359375 0.6354564125 0.75407876875 0.6127300375 0.755153690625 0.6050487140625 0.744398484375 0.569252590625 0.7155573125 0.5472098453124999 0.6718613296875 0.542597484375 0.626465934375 0.5628037078125 0.6076569625 0.5958154671875 0.60625 0.613964603125 0.60625 0.63698195625 0.6108358109375 0.6491465859375001 0.6263849375 0.6511448515625
0 0.1823302765625 0.8230955375000001 0.18125 0.8311211328124999 0.18125 0.8655844406250001 0.204286621875 0.8831786875000001 0.24391651093750003 0.873586490625 0.24466345781249998 0.8733490515625 0.28686395 0.8498164484374999 0.3263832734375 0.8220125984375001 0.3441530640625 0.7831002671875 0.3350745 0.7456248750000001 0.305381634375 0.7328125 0.281908790625 0.7328125 0.2154500875 0.768875115625 0.1823302765625 0.8230955375000001
0 0.7239775171875 0.7913582171875 0.721875 0.836339184375 0.721875 0.8556111109375 0.729787228125 0.8645989359374999 0.739870703125 0.8671875 0.7451340734375 0.8671875 0.7709197140625 0.863560303125 0.8042242343750001 0.8142689843750001 0.8089016140625 0.7971304609375001 0.8264099671875 0.6932323078125 0.8021391953125001 0.65625 0.8013913374999999 0.65625 0.751577115625 0.701467665625 0.7239775171875 0.7913582171875
0 0.47529325624999996 0.5737665703125 0.40925322499999994 0.556558375 0.37738693749999996 0.5627660640625 0.3662096875 0.5890731921875 0.36582809374999997 0.5913583921875001 0.4017820625 0.6338810546875 0.4642859546875 0.672264915625 0.506136453125 0.6859375 0.551679725 0.6859375 0.565625 0.675062975 0.565625 0.6466243671874999 0.5344995296875 0.599317515625 0.47529325624999996 0.5737665703125
0 0.48125 0.424796103125 0.48125 0.46347598906250004 0.49933779375 0.48205001718749996 0.5006862421875 0.482129425 0.5693258421875 0.47535958593750005 0.6154832859375 0.473080184375 0.63947298125 0.45550214218749996 0.659834925 0.4240161234375 0.6603538312499999 0.42082387343749994 0.656428146875 0.3945308109375 0.6360754765625 0.390625 0.554600775 0.390625 0.51953934375 0.40246169218750005 0.48125 0.424796103125
0 0.5350677171875 0.0605122 0.46989026875000006 0.07100879843749999 0.42806405156249994 0.1089949015625 0.4280974984375 0.11186009374999999 0.43040221250000005 0.165557253125 0.451958359375 0.1979232546875 0.482198103125 0.2015625 0.5485006171875 0.2015625 0.578725196875 0.1934620453125 0.5770481328125 0.179463925 0.5680538828125 0.164907271875 0.576482728125 0.13103100781250002 0.59569544375 0.11383203125000001 0.603125 0.0947405328125 0.603125 0.0907350015625 0.5792773999999999 0.0680591734375 0.5350677171875 0.0605122