0 0.40803309375 0.3561727796875 0.3753419359375 0.3808792078125 0.3614730328125 0.46205764218749995 0.374535475 0.503086421875 0.37831388593750004 0.5185295828125 0.41199566875000004 0.5132352859375 0.43577104999999994 0.495587809375 0.4466680765625 0.4285274109375 0.45261190312500005 0.3755849828125 0.4327991 0.3561727796875 0.40803309375 0.3561727796875
0 0.2742966625 0.244993690625 0.2416055015625 0.285582875 0.2370401171875 0.33112875 0.25646510624999996 0.382644 0.29014688906249997 0.3932324578125 0.3317538265625 0.3632317328125 0.342650853125 0.29793611875 0.3327444515625 0.25734686875 0.3089690703125 0.237934671875 0.2742966625 0.244993690625
0 0.3991173171875 0.7479467796875 0.40307989375000003 0.8255956421875 0.414173771875 0.8778659640625 0.4625183078125 0.8908913875 0.472424709375 0.8414783984374999 0.474405959375 0.774418 0.457565103125 0.7161812671875001 0.43081785000000006 0.6967692078125001 0.40902371875 0.7002985828125 0.3991173171875 0.7479467796875
0 0.5952641140625 0.774418 0.5695074078125 0.7920654046875 0.56059170625 0.8538315781250001 0.573965671875 0.9263668453125 0.5982360640625 0.9614812921875 0.6180488703125 0.9579517140625 0.6398429234375 0.9403042375 0.6457868265625 0.8679496125 0.6368709734375 0.8079481609375 0.61903941875 0.777947440625 0.5952641140625 0.774418
0 0.5675261578125 0.5661777140625001 0.5546478796875001 0.6279438875000001 0.5596010796875001 0.6879454703125 0.56157870625 0.719135803125 0.5813952109375 0.723240421875 0.610123715625 0.7108870421875 0.62399261875 0.6597093984375 0.62399261875 0.5997080828125 0.6111144187499999 0.5608834875 0.5853577125 0.5467655171875 0.5675261578125 0.5661777140625001
0 0.45855572968749997 0.4691165953125 0.476387284375 0.5255885359375 0.507076040625 0.5604056421875 0.5308724984375 0.5379417796875 0.538797575 0.495587809375 0.5308724984375 0.4373511484375 0.51799414375 0.3967619640625 0.4862936859375 0.3791144875 0.45855572968749997 0.40735042187500003 0.45855572968749997 0.4691165953125
0 0.214858246875 0.617355559375 0.2237740234375 0.6826511015625 0.27048493281249997 0.7279541484375 0.3099596953125 0.717946059375 0.321847421875 0.6755920890625 0.314912896875 0.6226496546875 0.29807204375 0.5820606078125 0.2693434609375 0.56794250625 0.23467105 0.5714720125 0.214858246875 0.617355559375
0 0.657674478125 0.1991102078125 0.6358804250000001 0.250287921875 0.6309272234375001 0.313818809375 0.6445713953125 0.348765434375 0.6844217359375 0.3526432734375 0.7121596921875 0.34029002343750003 0.7250380437499999 0.28911238125 0.728009846875 0.241464184375 0.7200848421875 0.1991102078125 0.6903656359375 0.186757 0.657674478125 0.1991102078125
0 0.61606761875 0.45146911875000006 0.622011371875 0.511470565625 0.6447961234374999 0.5432360125 0.6844217359375 0.5185295828125 0.7161221906249999 0.4532339046875 0.708197040625 0.3879382265625 0.6953188390625 0.35440799375 0.6675808796875 0.34558425625 0.6388522234375 0.3597022921875 0.62399261875 0.398526684375 0.61606761875 0.45146911875000006
0 0.7597104546875 0.486764071875 0.7339537453125 0.5220590234375 0.72701929375 0.58029575 0.7523380265624999 0.6221340421875 0.77159810625 0.64029713125 0.8062705156250001 0.6350030359375001 0.831036521875 0.608531821875 0.8409429234375001 0.5661777140625001 0.8320270703125001 0.504411546875 0.8023078625 0.48323463125000005 0.7597104546875 0.486764071875
0 0.17027943437499998 0.382644 0.14551343125 0.44793967187500006 0.142541478125 0.504411546875 0.1800600609375 0.5339506187499999 0.2029705953125 0.5344122734375001 0.2406148796875 0.5220590234375 0.25745580625 0.48852885781250005 0.26439025781250003 0.4373511484375 0.2425962046875 0.398526684375 0.2009892671875 0.38617350625 0.17027943437499998 0.382644
0 0.125700625 0.665003625 0.1365976515625 0.702063303125 0.17758266875 0.7014991187499999 0.2118862984375 0.6738273625 0.2198114484375 0.624414446875 0.2237740234375 0.583825190625 0.2009892671875 0.536177059375 0.1593824078125 0.5397065 0.1336257796875 0.5891194875 0.125700625 0.665003625
0 0.291137515625 0.3914677375 0.2693434609375 0.4126447203125 0.2604276828125 0.46205764218749995 0.2673622109375 0.5291180421874999 0.290304084375 0.5670194046875 0.31392227031250003 0.5891194875 0.3337350765625 0.58029575 0.351566628125 0.55205975 0.346613428125 0.49382308906250005 0.346613428125 0.43205691718750006 0.320856721875 0.398526684375 0.291137515625 0.3914677375
0 0.2752872875 0.094990171875 0.2683528359375 0.15852102968749998 0.300053290625 0.20793394687500003 0.337374565625 0.216490303125 0.366426234375 0.206169196875 0.37831388593750004 0.1814627328125 0.3793045109375 0.13734404218750002 0.366426234375 0.094990171875 0.33670702656249996 0.0702836421875 0.30203461875 0.0685189578125 0.2752872875 0.094990171875
0 0.1633449859375 0.20969877343749999 0.1474946828125 0.2785238578125 0.165326234375 0.3561727796875 0.1899696359375 0.377425046875 0.2217926984375 0.3808792078125 0.230708475 0.3597022921875 0.23962425468749998 0.29970084531249996 0.23962425468749998 0.244993690625 0.2198114484375 0.186757 0.187120290625 0.1796979828125 0.1633449859375 0.20969877343749999
0 0.351566628125 0.22911093437500002 0.3505759296875 0.292641828125 0.3733606859375 0.33499579687500003 0.40803309375 0.3561727796875 0.433789725 0.35440799375 0.45558385625 0.33499579687500003 0.451621278125 0.285582875 0.4427055015625 0.241464184375 0.41298629375000007 0.1991102078125 0.3763326359375 0.1955807375 0.351566628125 0.22911093437500002
0 0.317884846875 0.8185366249999999 0.321847421875 0.8803027921875 0.3317538265625 0.9385395171875001 0.3646259 0.959435625 0.3951547390625 0.9632460125 0.40407051875000005 0.9350100781249999 0.40407051875000005 0.8679496125 0.39416411406249996 0.799124421875 0.362463659375 0.777947440625 0.338688278125 0.7832417375 0.317884846875 0.8185366249999999
0 0.45657448125 0.22205195312499998 0.4427055015625 0.2767591375 0.46449955468750004 0.322642546875 0.49221167968749996 0.33112875 0.5298818734374999 0.326172059375 0.5487039765625 0.31028930312499997 0.5506853046875 0.25381742812499997 0.53780695 0.1991102078125 0.5031345421875 0.183227553125 0.4704434578125 0.1991102078125 0.45657448125 0.22205195312499998
0 0.6279552703125 0.20793394687500003 0.5913016125 0.20263972031250002 0.5675261578125 0.21499293437500003 0.5566291296875 0.25911166093750004 0.5635635812500001 0.3244073390625 0.5903109125 0.3791144875 0.6247522437499999 0.384038803125 0.6338990234375 0.3773497671875 0.632908471875 0.3438195359375 0.6249833203125 0.31911304218750003 0.626964571875 0.2873475953125 0.6279552703125 0.2520526421875 0.6418241734375 0.23087565468750001 0.6279552703125 0.20793394687500003
0 0.7062157890625 0.047341934375 0.679468534375 0.08793111875000001 0.688384234375 0.15146204218749998 0.700272040625 0.19734545781249999 0.7349962671875 0.21208113125 0.7517853015625 0.22205195312499998 0.7765513078125 0.20969877343749999 0.7874482578124999 0.17793325625 0.7963641109374999 0.142638303125 0.786457709375 0.08793111875000001 0.75277585 0.0649894109375 0.7062157890625 0.047341934375
0 0.6477680765625 0.8079481609375 0.686687090625 0.8337742499999999 0.72404734375 0.7938302625 0.7101784421875 0.730299303125 0.685412434375 0.6755920890625 0.6398429234375 0.6791217328125 0.6200301203125 0.7161812671875001 0.6230020703125 0.7708884874999999 0.6477680765625 0.8079481609375
0 0.5080877421875 0.7108870421875 0.48332173593750005 0.7832417375 0.48332173593750005 0.8414783984374999 0.509553434375 0.8844797203124999 0.5308724984375 0.9014798453124999 0.5556385046875 0.8591258749999999 0.56554490625 0.8132424578125 0.571488809375 0.769123703125 0.5596010796875001 0.726769796875 0.536816325 0.6950043515625 0.5080877421875 0.7108870421875
0 0.71711289375 0.46382236250000003 0.7408881968750001 0.4849993515625 0.7815045078125 0.4849993515625 0.815511565625 0.47663139218749995 0.8320270703125001 0.4338216375 0.82013941875 0.3791144875 0.7904202109375 0.342054815625 0.76466365625 0.3438195359375 0.72404734375 0.3614670125 0.7111689906249999 0.41440944062499996 0.71711289375 0.46382236250000003
0 0.7626822546875001 0.285582875 0.7706074046875 0.3244073390625 0.7973546625 0.35440799375 0.8340920203125 0.361992946875 0.855802525 0.3561727796875 0.8617462781249999 0.3032303515625 0.864718228125 0.250287921875 0.8399522203125 0.2008750296875 0.7953734109374999 0.1955807375 0.76466365625 0.21499293437500003 0.7626822546875001 0.285582875
0 0.6259740203125 0.5767662437500001 0.6259740203125 0.620884934375 0.6507400265625 0.6632388390624999 0.685412434375 0.677356875 0.7226093015624999 0.6750440953125 0.737916246875 0.6667683453125 0.738906946875 0.6226496546875 0.7319724953125 0.57323686875 0.7111689906249999 0.5432360125 0.6834310328125001 0.527353321875 0.6447961234374999 0.5450007968749999 0.6259740203125 0.5767662437500001
0 0.210895671875 0.777947440625 0.194054815625 0.8608905953124999 0.22575527499999998 0.8979502671875 0.2642914515625 0.8977072328125001 0.29708141875 0.871479053125 0.31194102031250004 0.8273603625 0.321847421875 0.781476946875 0.318875471875 0.7408878984375 0.29014688906249997 0.7197107796875 0.25349323125 0.73382874375 0.210895671875 0.777947440625
0 0.7329630468749999 0.8026540000000001 0.753576721875 0.8624338625 0.788438959375 0.8767733515625 0.8042892640625 0.8661848921875 0.8181581671875 0.8044187203125001 0.8151862171875001 0.7108870421875 0.7785325578125 0.6544151015625 0.74485085 0.684415828125 0.7329630468749999 0.8026540000000001
0 0.41298629375000007 0.5502950296875 0.4139769203125 0.617355559375 0.424873946875 0.6791217328125 0.46619904375 0.719135803125 0.48827493593750004 0.72500500625 0.519975471875 0.6985337921875 0.51403156875 0.6226496546875 0.4912468890625 0.55558925625 0.457565103125 0.5132352859375 0.426855275 0.520294303125 0.41298629375000007 0.5502950296875
0 0.520966096875 0.3773497671875 0.5318631234375 0.44617488749999995 0.536816325 0.49205836875 0.5556385046875 0.5132352859375 0.5893202109375 0.5291180421874999 0.6170581671875001 0.520294303125 0.622011371875 0.48146983906249996 0.6180488703125 0.42499789843749997 0.6012080171874999 0.3844087203125 0.576442009375 0.3491137625 0.539788275 0.35440799375 0.520966096875 0.3773497671875
0 0.587338959375 0.14793260156250002 0.571488809375 0.0826368921875 0.5298818734374999 0.0402829171875 0.473415334375 0.0420477375 0.4427055015625 0.0632246609375 0.43973355156249994 0.1391088625 0.45752816406249996 0.19003527343749999 0.47143408437499995 0.1885217203125 0.48530306406249996 0.1796979828125 0.519975471875 0.1885217203125 0.538797575 0.20793394687500003 0.56158233125 0.216757690625 0.5833764609375 0.1920512921875 0.587338959375 0.14793260156250002