2 0.71015625 0.5078125 0.2625 0.2619140625
2 0.434375 0.5109375 0.2654296875 0.265625
2 0.1625 0.5484375 0.297265625 0.258984375
2 0.88984375 0.5859375 0.13125 0.20234375
2 0.4328125 0.69765625 0.2568359375 0.2578125
2 0.16484375 0.71953125 0.278125 0.236328125
2 0.72734375 0.75234375 0.2708984375 0.2708984375
2 0.8515625 0.79921875 0.296875 0.2984375
2 0.6296875 0.175 0.1998046875 0.1998046875
2 0.36015625 0.1921875 0.2833984375 0.28408203125
2 0.63046875 0.3125 0.269921875 0.2712890625
2 0.3140625 0.3359375 0.2744140625 0.27265625
2 0.8484375 0.4171875 0.23515625 0.23515625