2 0.50390625 0.8265625 0.2509765625 0.2498046875
2 0.90078125 0.82421875 0.1640625 0.3515625
2 0.12109375 0.825 0.2421875 0.259375
2 0.76484375 0.825 0.2453125 0.246484375
2 0.36953125 0.828125 0.2416015625 0.2404296875
2 0.23828125 0.82578125 0.1609375 0.3484375
2 0.63671875 0.8296875 0.1359375 0.340625
2 0.36875 0.1515625 0.2369140625 0.23515625
2 0.63359375 0.1515625 0.232421875 0.231640625
2 0.49921875 0.15 0.2177734375 0.2189453125
2 0.23203125 0.1515625 0.1515625 0.303125
2 0.76875 0.15390625 0.21826171875 0.2177734375
2 0.425 0.484375 0.265625 0.265625
2 0.15703125 0.484375 0.178125 0.394140625
2 0.28671875 0.48515625 0.2708984375 0.2708984375
2 0.69140625 0.4875 0.2541015625 0.2537109375
2 0.56015625 0.48984375 0.2677734375 0.2677734375
2 0.8234375 0.49140625 0.16494140625 0.398046875