2 0.7734375 0.53671875 0.2873046875 0.2861328125
2 0.565625 0.63671875 0.2248046875 0.3671875
2 0.79140625 0.7234375 0.326171875 0.325390625
2 0.6046875 0.1375 0.128125 0.128125
2 0.46640625 0.16484375 0.1384765625 0.1384765625
2 0.7421875 0.2453125 0.24033203125 0.240234375
2 0.31796875 0.3140625 0.2677734375 0.26904296875
2 0.68515625 0.32578125 0.173828125 0.3921875
2 0.534375 0.340625 0.2787109375 0.278515625
2 0.1609375 0.3453125 0.283984375 0.2841796875
2 0.3734375 0.396875 0.303125 0.30556640625