2 0.159375 0.44921875 0.18125 0.346875
2 0.29765625 0.44921875 0.175 0.346875
2 0.69609375 0.7640625 0.175 0.425
2 0.26015625 0.7734375 0.1953125 0.3859375
2 0.86875 0.7796875 0.165625 0.440625
2 0.5546875 0.78515625 0.1375 0.4296875
2 0.10078125 0.7859375 0.2015625 0.4015625
2 0.4171875 0.78671875 0.1875 0.321875
2 0.46484375 0.12421875 0.1390625 0.2484375
2 0.86328125 0.1359375 0.15 0.271875
2 0.59375 0.13828125 0.134375 0.2765625
2 0.7234375 0.13828125 0.1328125 0.2765625
2 0.328125 0.17265625 0.1546875 0.296875
2 0.1890625 0.17421875 0.1640625 0.284375
2 0.58359375 0.425 0.15625 0.334375
2 0.884375 0.4265625 0.165625 0.35625
2 0.734375 0.43359375 0.1578125 0.3546875
2 0.43359375 0.43515625 0.18125 0.45625