2 0.80625 0.57578125 0.3875 0.3890625
2 0.50703125 0.61640625 0.348828125 0.475
2 0.20703125 0.7234375 0.4140625 0.434375
2 0.72265625 0.80625 0.3697265625 0.3685546875
2 0.3953125 0.82109375 0.36875 0.3578125
2 0.1203125 0.85625 0.240625 0.259375
2 0.27109375 0.1140625 0.2359375 0.228125
2 0.0671875 0.13203125 0.134375 0.2640625
2 0.8859375 0.15625 0.228125 0.259375
2 0.6796875 0.16875 0.31494140625 0.31328125
2 0.41796875 0.20390625 0.323828125 0.323828125
2 0.16640625 0.25625 0.3328125 0.340625
2 0.846875 0.32890625 0.30625 0.3390625
2 0.60546875 0.3703125 0.3578125 0.35869140625
2 0.3203125 0.43984375 0.38173828125 0.3822265625
2 0.09609375 0.45390625 0.1921875 0.4046875