2 0.315625 0.72890625 0.2390625 0.4
2 0.6828125 0.74609375 0.2421875 0.4375
2 0.48671875 0.8703125 0.2453125 0.259375
2 0.38046875 0.109375 0.1578125 0.21875
2 0.1359375 0.125 0.165625 0.2453125
2 0.775 0.2203125 0.184375 0.2640625
2 0.50390625 0.2234375 0.178125 0.29375
2 0.234375 0.228125 0.178125 0.3046875
2 0.0828125 0.31484375 0.165625 0.259375
2 0.915625 0.3109375 0.16875 0.203125
2 0.6453125 0.37265625 0.2078125 0.3421875
2 0.35546875 0.38046875 0.196875 0.3484375
2 0.1671875 0.50625 0.2234375 0.3171875
2 0.82109375 0.52578125 0.2296875 0.3515625
2 0.50078125 0.565625 0.2234375 0.41875