2 0.159375 0.44921875 0.265234375 0.265625
2 0.29765625 0.44921875 0.289453125 0.289453125
2 0.69609375 0.7640625 0.2203125 0.43984375
2 0.26015625 0.7734375 0.3080078125 0.30888671875
2 0.85390625 0.7796875 0.2921875 0.31875
2 0.5546875 0.78515625 0.3123046875 0.3111328125
2 0.10625 0.78515625 0.2125 0.4140625
2 0.4171875 0.78671875 0.255859375 0.25625
2 0.46484375 0.12421875 0.2125 0.2125
2 0.86328125 0.1359375 0.2125 0.212109375
2 0.59375 0.13828125 0.2123046875 0.2111328125
2 0.72265625 0.13984375 0.1546875 0.2796875
2 0.328125 0.17265625 0.23779296875 0.2390625
2 0.1890625 0.17421875 0.1814453125 0.292578125
2 0.58359375 0.425 0.248828125 0.24921875
2 0.87421875 0.425 0.2515625 0.26875
2 0.734375 0.43359375 0.27880859375 0.2791015625
2 0.43359375 0.43515625 0.233203125 0.470703125