2 0.71015625 0.5078125 0.26875 0.2265625
2 0.434375 0.5109375 0.2671875 0.2375
2 0.1625 0.5484375 0.278125 0.234375
2 0.88984375 0.5859375 0.1234375 0.196875
2 0.4328125 0.69765625 0.2578125 0.215625
2 0.16484375 0.71953125 0.2671875 0.2234375
2 0.72734375 0.75234375 0.2625 0.2734375
2 0.85234375 0.8 0.2625 0.2953125
2 0.6296875 0.175 0.2734375 0.0953125
2 0.36015625 0.1921875 0.2765625 0.2390625
2 0.63046875 0.3125 0.265625 0.2328125
2 0.3140625 0.3359375 0.2734375 0.23125
2 0.8484375 0.4171875 0.19375 0.23125