2 0.315625 0.72890625 0.2505859375 0.407421875
2 0.6828125 0.74609375 0.34306640625 0.341796875
2 0.4859375 0.86796875 0.26875 0.2640625
2 0.38046875 0.109375 0.2009765625 0.1998046875
2 0.1359375 0.125 0.219140625 0.22158203125
2 0.775 0.2203125 0.23828125 0.23818359375
2 0.50390625 0.2234375 0.20625 0.308984375
2 0.234375 0.228125 0.252734375 0.2505859375
2 0.0984375 0.31328125 0.196875 0.2265625
2 0.90859375 0.309375 0.1828125 0.19375
2 0.6453125 0.37265625 0.28408203125 0.2853515625
2 0.35546875 0.38046875 0.2861328125 0.2861328125
2 0.1671875 0.50625 0.2306640625 0.3244140625
2 0.82109375 0.52578125 0.313671875 0.313671875
2 0.50078125 0.565625 0.3302734375 0.3314453125