2 0.51015625 0.65 0.0953125 0.153125
2 0.64453125 0.6765625 0.15 0.3734375
2 0.25390625 0.6984375 0.13125 0.4125
2 0.83515625 0.70859375 0.1140625 0.3515625
2 0.74375 0.78203125 0.0859375 0.275
2 0.54296875 0.8046875 0.1 0.2140625
2 0.4140625 0.8109375 0.1875 0.2515625
2 0.65390625 0.878125 0.1140625 0.16875
2 0.4203125 0.21171875 0.11875 0.2765625
2 0.3375 0.375 0.1140625 0.2453125
2 0.4234375 0.37890625 0.0953125 0.1203125
2 0.5546875 0.46015625 0.1765625 0.45625
2 0.74453125 0.4640625 0.2234375 0.375
2 0.4265625 0.575 0.1171875 0.2921875
2 0.3234375 0.57734375 0.09375 0.2609375