2 0.575 0.5765625 0.26875 0.27109375
2 0.9453125 0.57734375 0.109375 0.3578125
2 0.28046875 0.60078125 0.2390625 0.2390625
2 0.48828125 0.0796875 0.1828125 0.159375
2 0.6921875 0.675 0.26845703125 0.343359375
2 0.1359375 0.0953125 0.228125 0.190625
2 0.83984375 0.7390625 0.2828125 0.387890625
2 0.37265625 0.7625 0.273046875 0.21875
2 0.57265625 0.85078125 0.2236328125 0.2236328125
2 0.1390625 0.85546875 0.278125 0.2890625
2 0.37265625 0.909375 0.2109375 0.18125
2 0.78359375 0.9296875 0.1890625 0.140625
2 0.65625 0.153125 0.334375 0.30625
2 0.36484375 0.153125 0.244921875 0.24375
2 0.24921875 0.165625 0.2052734375 0.206640625
2 0.11171875 0.2375 0.2234375 0.23125
2 0.840625 0.2484375 0.2685546875 0.2658203125
2 0.696875 0.3921875 0.2744140625 0.27265625
2 0.28046875 0.40234375 0.273046875 0.2125
2 0.48203125 0.4453125 0.1859375 0.346484375
2 0.13359375 0.47578125 0.2671875 0.3109375
2 0.84921875 0.48203125 0.190625 0.190625