2 0.51015625 0.65 0.1326171875 0.1337890625
2 0.64453125 0.6765625 0.286328125 0.28759765625
2 0.25390625 0.6984375 0.173046875 0.421484375
2 0.83515625 0.70859375 0.236328125 0.236328125
2 0.74375 0.78203125 0.10341796875 0.279296875
2 0.54296875 0.8046875 0.123828125 0.22451171875
2 0.4140625 0.8109375 0.24375 0.24326171875
2 0.65390625 0.878125 0.1572265625 0.1560546875
2 0.4203125 0.21171875 0.2087890625 0.2083984375
2 0.3375 0.375 0.13798828125 0.25322265625
2 0.4234375 0.37890625 0.10576171875 0.1265625
2 0.5546875 0.46015625 0.3341796875 0.335546875
2 0.74453125 0.4640625 0.3041015625 0.3037109375
2 0.4265625 0.575 0.22822265625 0.22568359375
2 0.3234375 0.57734375 0.1806640625 0.1794921875