2 0.19296875 0.47109375 0.221875 0.216796875
2 0.50234375 0.52421875 0.196875 0.196875
2 0.69375 0.5609375 0.1875 0.18515625
2 0.3109375 0.571875 0.20390625 0.20380859375
2 0.11171875 0.6109375 0.2234375 0.234375
2 0.8890625 0.61640625 0.221875 0.2203125
2 0.565625 0.66953125 0.1974609375 0.196875
2 0.3921875 0.68203125 0.24375 0.248046875
2 0.50390625 0.29453125 0.209375 0.2015625
2 0.29921875 0.31875 0.2328125 0.215234375
2 0.6140625 0.42109375 0.20380859375 0.2046875
2 0.40390625 0.42734375 0.2140625 0.2140625
2 0.809375 0.46015625 0.227734375 0.229296875