2 0.39296875 0.51328125 0.1859375 0.1859375
2 0.603125 0.51328125 0.21005859375 0.1640625
2 0.70234375 0.64140625 0.2041015625 0.2041015625
2 0.4953125 0.64296875 0.19990234375 0.1986328125
2 0.2953125 0.64375 0.19970703125 0.16572265625
2 0.80078125 0.759375 0.2041015625 0.2037109375
2 0.5984375 0.76640625 0.212109375 0.2111328125
2 0.3921875 0.76796875 0.194140625 0.1955078125
2 0.1984375 0.77109375 0.1998046875 0.2009765625
2 0.8921875 0.8828125 0.212890625 0.2037109375
2 0.10234375 0.88515625 0.2 0.2
2 0.68984375 0.88984375 0.216796875 0.216796875
2 0.29453125 0.89375 0.207421875 0.20703125
2 0.4890625 0.89453125 0.20302734375 0.203125
2 0.50703125 0.3828125 0.184375 0.184765625